1,39860,685.3605883196228,5,ekf9emljbzzq9qidhyb3hzbzqdettjiyd978iqzuycgors5xrm
2,18505,20.344029559481,3,w10o35nhqss5qimj6pauec69dv2rgzkoewx9c
3,26730,610.5625326546132,1,s15f14cddivxibq897nr2gobj
4,7624,317.21842200774887,8,kadkqzq533z9la5fgnoroki1r8kfglnagccp65vcbffpkfj
5,22300,167.05887634043765,6,m3avhjpzdmhf0r2n9w0aghlitbhg52
6,20790,474.0047748957953,9,1n3fbdwu7mhehfzwdfebi1z3aenue00nc7xr9
7,10589,713.5379036841331,2,r3f0nzitxaqr10bc21a2s5qns19ytihgsxvp4g61of3pt5zg
8,40853,434.08741787536496,3,rj6oy52oy3oc7weh0ws9hheium7
9,30140,386.01752826999535,2,1sxkjlozbtrlczujesschhnycx0evup0x0
10,11361,680.3339616784953,9,98jlawv7hh2ks1egvn10aokqttzvwxogwhawqke3tyd0t
